2 0.07912307692307692 0.571885775862069 0.05054615384615384 0.2786314655172414
2 0.14505384615384614 0.5765086206896551 0.06813076923076923 0.26631465517241376
2 0.17746923076923077 0.6003663793103449 0.04945384615384616 0.2647737068965517
2 0.2236230769230769 0.6157650862068965 0.05384615384615385 0.2955711206896552
2 0.28516153846153847 0.5772737068965518 0.08022307692307692 0.37253232758620686
2 0.3934076923076923 0.6003663793103449 0.05714615384615385 0.39716594827586205
2 0.4774692307692308 0.5934375000000001 0.06263846153846155 0.35868534482758624
2 0.5478 0.6296228448275861 0.07143076923076923 0.39716594827586205
2 0.6873615384615385 0.6288469827586207 0.07143076923076923 0.40794181034482757
2 0.7752769230769231 0.5664978448275862 0.020876923076923078 0.25862068965517243
2 0.824723076923077 0.6573275862068966 0.0978 0.4125646551724138
2 0.9472538461538462 0.6350107758620689 0.0967 0.5157004310344827
