2 0.20610416666666667 0.524888178913738 0.08780208333333334 0.9493290734824281
2 0.3113854166666667 0.5419808306709265 0.09301041666666668 0.7736102236421725
2 0.4367604166666667 0.5134504792332268 0.03571875 0.5522683706070288
2 0.41219791666666666 0.44271565495207665 0.05059375 0.524888178913738
2 0.3876458333333333 0.3811182108626198 0.04315625 0.3788178913738019
2 0.5531979166666667 0.4107667731629393 0.1168125 0.7393929712460064
2 0.7581875 0.4370287539936102 0.0699375 0.645814696485623
2 0.7946458333333334 0.4541214057507987 0.052083333333333336 0.41533546325878595
2 0.8404062499999999 0.47351437699680515 0.06472916666666667 0.6138658146964856
2 0.9088541666666666 0.6298402555910543 0.11979166666666667 0.7120127795527157
