2 0.05677083333333333 0.6331845238095238 0.103125 0.31101190476190477
2 0.23072916666666668 0.6502976190476191 0.09270833333333334 0.39285714285714285
2 0.3046875 0.6555059523809523 0.090625 0.40625
2 0.39947916666666666 0.6733630952380952 0.06979166666666667 0.39732142857142855
2 0.45208333333333334 0.6763392857142857 0.10208333333333333 0.47470238095238093
2 0.3458333333333333 0.5081845238095238 0.04791666666666667 0.13541666666666666
2 0.5421875 0.7172619047619048 0.071875 0.34523809523809523
2 0.6213541666666667 0.7224702380952381 0.115625 0.34672619047619047
2 0.753125 0.6674107142857143 0.13958333333333334 0.5461309523809523
2 0.8791666666666667 0.7061011904761905 0.12083333333333333 0.5669642857142857
2 0.928125 0.5111607142857143 0.07291666666666667 0.23660714285714285
