2 0.07786 0.6273275862068965 0.08 0.7219827586206896
2 0.14536000000000002 0.699655172413793 0.07214 0.4849137931034483
2 0.27214 0.6958189655172414 0.11 0.5603448275862069
2 0.38108 0.7027586206896551 0.075 0.5003017241379311
2 0.48358 0.7088793103448277 0.06858 0.4756896551724138
2 0.6635800000000001 0.614698275862069 0.10714 0.7706465517241379
2 0.71108 0.5842241379310344 0.04642 0.5557327586206897
2 0.7689199999999999 0.6080603448275862 0.06642 0.7081465517241379
2 0.87714 0.6516379310344828 0.06714 0.6967241379310344
2 0.93536 0.5765086206896551 0.07357999999999999 0.6912068965517242
